%YAML:1.0

#--------------------------------------------------------------------------------------------
# Camera Parameters. Adjust them!
#--------------------------------------------------------------------------------------------

# Camera calibration and distortion parameters (OpenCV) 
Camera.fx: 866.60127
Camera.fy: 866.60127
Camera.cx: 321.3483
Camera.cy: 245.80095

Camera.k1: 0
Camera.k2: 0
Camera.p1: 0
Camera.p2: 0

Camera.width: 640
Camera.height: 480

# Camera frames per second 
Camera.fps: 30.0

# stereo baseline times fx
Camera.bf: 631.89138

# Color order of the images (0: BGR, 1: RGB. It is ignored if images are grayscale)
Camera.RGB: 1

# Close/Far threshold. Baseline times.
ThDepth: 35

#--------------------------------------------------------------------------------------------
# Stereo Rectification. Only if you need to pre-rectify the images.
# Camera.fx, .fy, etc must be the same as in LEFT.P
#--------------------------------------------------------------------------------------------
LEFT.height: 480
LEFT.width: 640
LEFT.D: !!opencv-matrix
   rows: 1
   cols: 5
   dt: d
   data: [-0.05399699016343377, 0.07537095628661326, -0.003932955299722694, -0.0015529537950820223, 0.0]
LEFT.K: !!opencv-matrix
   rows: 3
   cols: 3
   dt: d
   data: [825.9752 ,   0.     , 321.40668,
           0.     , 827.92104, 257.4033 ,
           0.     ,   0.     ,   1.     ]
LEFT.R:  !!opencv-matrix
   rows: 3
   cols: 3
   dt: d
   data: [ 0.99970351,  0.02417627, -0.00289947,
         -0.02415658,  0.9996861 ,  0.00664468,
         0.00305921, -0.00657267,  0.99997372]
LEFT.P:  !!opencv-matrix
   rows: 3
   cols: 4
   dt: d
   data: [866.60127,   0.     , 321.3483 ,   0.     ,
           0.     , 866.60127, 245.80095,   0.     ,
           0.     ,   0.     ,   1.     ,   0.     ]

RIGHT.height: 480
RIGHT.width: 640
RIGHT.D: !!opencv-matrix
   rows: 1
   cols: 5
   dt: d
   data: [-0.06247993535202239, 0.12410229038772491, -0.00718867635736581, -0.0008744582687310766, 0.0]
RIGHT.K: !!opencv-matrix
   rows: 3
   cols: 3
   dt: d
   data: [831.61502,   0.     , 315.70948,
           0.     , 834.64154, 237.75949,
           0.     ,   0.     ,   1.     ]
RIGHT.R:  !!opencv-matrix
   rows: 3
   cols: 3
   dt: d
   data: [ 0.99997126,  0.0066307 , -0.00367717,
         -0.00665486,  0.9999561 , -0.00659697,
          0.00363327,  0.00662126,  0.99997148]
RIGHT.P:  !!opencv-matrix
   rows: 3
   cols: 4
   dt: d
   data: [ 866.60127,    0.     ,  321.3483 , -631.89138,
            0.     ,  866.60127,  245.80095,    0.     ,
            0.     ,    0.     ,    1.     ,    0.     ]

#--------------------------------------------------------------------------------------------
# ORB Parameters
#--------------------------------------------------------------------------------------------

# ORB Extractor: Number of features per image
ORBextractor.nFeatures: 1200

# ORB Extractor: Scale factor between levels in the scale pyramid 	
ORBextractor.scaleFactor: 1.2

# ORB Extractor: Number of levels in the scale pyramid	
ORBextractor.nLevels: 8

# ORB Extractor: Fast threshold
# Image is divided in a grid. At each cell FAST are extracted imposing a minimum response.
# Firstly we impose iniThFAST. If no corners are detected we impose a lower value minThFAST
# You can lower these values if your images have low contrast			
ORBextractor.iniThFAST: 20
ORBextractor.minThFAST: 7

# System Setting
System.closeLoopcloser: 1

#--------------------------------------------------------------------------------------------
# Viewer Parameters
#--------------------------------------------------------------------------------------------
Viewer.KeyFrameSize: 0.05
Viewer.KeyFrameLineWidth: 1
Viewer.GraphLineWidth: 0.9
Viewer.PointSize:2
Viewer.CameraSize: 0.08
Viewer.CameraLineWidth: 3
Viewer.ViewpointX: 0
Viewer.ViewpointY: -0.7
Viewer.ViewpointZ: -1.8
Viewer.ViewpointF: 500

